3066 7400
872 5365
2741 7997
1048 4407
778 6706
3225 5630
1606 5351
3582 5614
1082 5385
2374 8661
2890 4587
3053 8367
3343 8050
3581 8367
588 9108
782 9028
704 5045
3014 8814
3158 8367
787 5552
3056 4820
3452 9497
680 4004
137 9882
3276 8853
1476 8050
2929 4770
721 6848
2864 7560
133 9204
3730 7418
1158 5580
3142 8050
1056 9398
2487 6508
3307 8050
3267 8050
191 5035
579 6010
604 8050
2615 9027
1295 9170
2987 8981
688 5233
2057 7399
1086 6582
2885 7722
3505 4559
676 5579
639 5594
119 4969
843 9146
1781 6677
3282 8697
3135 8443
3805 5351
3816 5351
3412 4816
3223 9349
3283 8735
652 9215
1339 5233
661 5233
1123 8562
2440 7209
2506 5031
824 4165
965 7771
129 6797
813 5797
1816 8431
2825 6843
436 8516
682 5594
3244 4441
3551 5351
2239 8671
2957 8478
1129 8858
3114 8050
767 6794
747 5351
1835 7571
3817 8723
2229 8050
3337 4525
748 7702
2508 4658
3402 9859
655 8050
2468 5351
398 5099
1343 8158
2181 5175
3137 6641
3373 9905
1717 5614
1798 8958
1348 7016
1860 8460
3472 8050
3533 8036
1126 7479
3415 9020
619 7245
554 5630
569 7479
1735 4627
1618 4106
2755 4208
1772 9759
1728 5351
3702 5351
1592 7705
2751 5351
3163 7919
3266 8158
3166 7708
726 5351
877 7671
810 8902
1791 9101
1118 8243
2153 8050
401 9066
1409 7687
817 8050
3804 7543
1831 8563
1519 4468
883 4950
780 6728
1807 9292
166 6438
3224 5128
1521 4721
1801 6508
3310 8050
3617 7155
2753 6546
262 4950
3308 8050
673 8050
556 5351
67 4076
3049 5614
2799 5045
2707 9712
3162 5899
1509 8050
3233 8412
3235 5139
3015 8437
963 8926
3828 5351
3311 9198
2860 6174
2273 6411
1117 4319
2188 9598
3061 5108
973 5031
3117 8267
3525 5508
1133 5513
968 5062
2163 5489
1579 8050
667 5351
740 9139
698 5659
630 3956
1443 4882
2288 7372
3447 8050
735 8652
1026 8532
2609 9541
3172 7711
3539 7248
1027 5486
1091 8039
3531 5276
2561 7093
1148 4183
969 9413
3757 7766
2817 6390
3218 9221
33 7531
3692 8140
2410 8632
2102 6319
3252 5308
3303 9066
1057 9162
1516 7879
3678 8723
3561 7399
527 8050
1492 5489
575 4335
690 4950
2473 9101
2553 8689
2538 8652
2128 9830
1410 8940
2521 8367
3423 8456
811 9480
3175 5364
1514 5351
3146 7079
875 8671
