26894 35501
24649 14279
20969 30366
15049 22592
23470 26640
27392 17905
21613 25220
20157 31784
24649 26094
23861 20038
21613 22434
17841 32513
24052 15941
17841 18442
15702 19424
19255 18892
19551 36982
26894 28024
21051 23633
24052 20730
23673 36604
23470 28587
19853 2067
17841 15637
15049 22644
21051 35302
23673 35612
26623 20365
23861 25750
23470 37504
17384 33032
21051 6120
23790 25061
17384 21640
26713 25027
26713 18547
27392 29443
21613 27944
15702 18098
19255 29159
19853 19068
23389 17754
23790 16057
26623 32253
23389 20161
23790 21527
21613 25057
23673 37630
15702 28601
23790 16761
23389 20880
23389 37425
19255 23294
17384 17333
19551 12608
26713 32133
20969 19343
21051 14867
26713 14825
23470 15318
23790 18596
23470 36872
15049 18378
26623 27830
20157 23723
20969 35121
20157 26960
24052 22827
20157 13115
26713 23394
24649 26801
23861 26917
21613 21518
24649 22191
17384 36060
19853 16544
26894 24665
23389 16798
19255 33618
20157 6173
26894 30391
15049 33914
15702 15466
27392 21545
23673 1238
19853 17147
24052 31654
20969 29130
19853 18068
15049 35820
19551 8690
24052 4495
17384 5812
15702 33633
21051 5369
17841 4006
24649 26588
19255 4200
23861 36665
27392 36731
20969 17127
23673 12833
19551 25133
26894 12102
27392 28395
17841 37503
26623 32615
26623 32197
19551 29757
23861 35858
