1728 19247
436 432
877 15487
1118 12395
436 14176
1728 6833
579 3379
680 14375
1091 8338
661 7869
2128 5375
3308 11553
2440 17219
3244 12453
2929 14238
262 3114
2707 2943
3308 16895
3551 4113
3172 4620
2864 312
682 13926
1123 6844
129 146
2273 6223
973 4294
673 3916
1791 469
2239 2066
2506 10394
2553 1838
2987 2179
1158 8540
67 16804
1717 14511
2561 12962
1126 3471
3137 14061
747 10632
1133 19060
877 15208
2885 13953
1443 17178
2163 2430
1410 18798
556 7919
2153 11294
3049 6742
2374 15701
813 6421
726 8488
3581 12591
673 11374
1091 14102
2538 8350
2817 10803
2468 16922
2885 5196
3452 16656
619 6564
1348 14020
843 6129
667 14534
1860 18234
2440 19047
2553 6025
137 3361
3223 6085
1158 7870
1048 19515
1443 11813
2057 2807
1091 4680
2957 9925
3452 9193
2860 1343
704 4658
1516 18546
2751 11873
1343 18218
436 11677
1343 2268
667 15729
3561 1161
2741 2563
2864 15969
747 11795
262 9502
588 8760
137 7692
2410 17376
3447 5178
1091 7007
1026 16341
2864 16234
1579 11804
1831 15942
811 12224
1056 8465
1133 993
2825 10891
3066 8613
1791 9499
2374 6009
3224 15085
680 10200
968 18322
1027 13542
2229 7348
767 12819
1410 3382
3218 15032
968 17019
3581 693
1509 7525
1410 758
875 16949
3137 4737
3505 10344
883 27
811 2146
639 18762
3343 4442
1728 9909
137 2327
1592 16037
3056 11439
2751 9680
3053 6455
1592 10295
119 54
619 18703
3172 13465
3225 13718
875 464
3233 7306
2128 10064
2538 1030
968 13442
3233 19967
2860 8787
3066 3513
3252 6282
3142 1126
1735 15084
735 17041
2229 10479
137 1145
3158 78
655 14070
3582 2895
3561 886
1606 1073
1735 14931
436 18968
3702 5264
3561 6466
1133 19710
1409 3506
133 19214
3276 18271
3218 18010
2885 10640
3505 2373
1082 2977
1148 12218
824 15028
2153 12173
3166 16279
3282 4952
3343 11118
1579 8896
817 8344
2506 1213
2468 17307
2799 2094
129 12931
676 4451
824 14210
1476 5923
2506 5899
1735 19918
1618 4704
3162 5938
963 679
1048 15443
667 14272
1519 19894
2707 8512
1409 8978
3146 9395
735 13262
3135 3077
3224 7365
673 14571
1339 11790
1129 12496
2487 14543
1798 17597
2817 2660
3146 19185
556 14935
3531 9075
1086 17388
3266 6306
1026 7147
3757 6934
2615 17599
575 4996
2609 7982
3163 13096
965 12668
3137 10752
3175 11758
3175 14638
1519 1414
3343 12416
3015 155
639 12354
3551 9165
133 12402
1443 15028
166 19480
1521 8940
2239 6197
133 2459
398 9923
780 2517
1831 14853
3066 18797
1516 2940
1118 4907
3447 10532
619 9900
2890 17287
2239 10245
2755 7281
1514 4071
262 8040
673 15887
569 13444
652 7310
778 11888
2273 10893
704 19029
3561 18623
965 1552
554 19826
655 19640
1056 12098
973 571
1801 3108
1831 7399
2521 8520
2817 3576
3581 2511
1492 9937
2229 6780
129 5328
2473 9355
3061 19
3678 12252
630 991
3225 588
1158 872
3172 8090
1126 15069
1339 13227
2553 6620
2521 2643
3402 177
778 10715
3533 12373
3061 16337
1339 3567
2755 10641
3373 1129
667 9014
1086 8985
575 5224
3730 234
965 7792
3816 9292
3817 3357
3617 2020
2473 1793
3218 12900
554 8566
1801 18235
3525 1528
2538 16259
3175 10863
3531 15593
1798 10371
3162 7208
1492 9770
2860 7172
748 3867
2741 5494
1801 4765
1516 3330
2508 9353
3049 6550
3730 7656
721 10585
747 17377
1717 19715
2609 7428
1027 19088
780 19378
3307 6683
680 9101
2860 11476
3162 17281
2521 1582
3311 11510
2753 6645
575 3395
3283 7903
1835 4870
191 9556
655 9849
872 4423
883 7968
67 17910
676 13426
2753 19086
698 5299
721 1163
1606 12393
3218 6470
3053 9530
2609 248
3678 18240
1117 17287
3423 14078
688 13018
1606 12905
2615 10359
2987 10478
843 18490
721 2178
1807 6924
262 17294
963 7551
2239 13
2890 12150
1348 19547
3276 19913
2473 7669
3692 1245
556 12008
3114 3492
1521 1700
2508 11001
2487 6777
3307 9814
3343 13672
2957 1479
3283 11690
3373 12221
191 17544
1086 18936
630 10910
3163 10861
1728 19175
780 17023
2410 6023
652 10022
813 7248
1516 17446
1717 8796
2825 7922
3049 9384
3162 7189
690 14725
3235 5889
3415 9621
968 2939
1492 8430
3452 2589
3533 15364
2553 10132
2751 16124
740 362
3472 8425
3816 10221
1057 18585
3308 18409
579 283
3224 18159
652 1018
810 7880
667 12261
1133 8524
556 15530
2755 4363
3452 8879
527 2954
3307 2234
191 1971
2163 16731
2487 3218
3224 11343
726 19644
3162 18183
2615 3394
3267 2426
3114 11727
33 14213
3415 18220
3730 11959
3066 18880
3282 4895
2755 7593
688 5662
2410 4041
1514 7699
3310 11787
2957 1330
3415 14293
166 10797
3804 290
3373 4762
3233 15466
3757 14578
1117 7343
133 4213
1082 1235
872 6093
1026 13897
2188 1102
2153 3597
3233 10874
704 14529
1772 18296
3283 1445
3158 19102
969 9198
3337 18058
1129 18455
3539 19059
3817 17701
2753 3341
588 19943
698 9714
527 1008
3135 14634
137 6272
3531 9112
1117 1048
398 19782
655 4806
3581 2962
3014 7848
3804 17120
3117 3263
2440 19361
3283 10880
2057 1544
1801 18709
3447 12025
3678 536
3757 16788
2288 19102
748 6071
2188 18597
2410 7190
3244 18198
1158 12870
2057 3121
604 9553
1618 14014
1126 4027
2751 7748
872 17635
1295 8293
3142 2645
33 17474
782 4235
3817 11689
604 9162
843 3019
3551 7917
2229 3587
2707 14075
3308 319
3337 13434
3303 3004
2799 11705
3135 11084
1148 15687
969 1721
1735 11593
3049 473
2468 18772
3244 2140
3816 9267
3266 16299
688 16080
2288 4850
1410 6558
3172 17149
3307 8096
67 7538
3267 11568
2885 10191
3061 1139
3252 1335
3146 5527
782 13481
1772 9134
2153 2428
191 4553
575 198
119 19324
1618 15977
3266 12601
3303 2451
1082 2784
2163 7802
119 13811
1082 7232
3137 2656
527 50
735 10553
1772 15406
1816 3920
963 5801
1807 17170
3252 15829
3472 1859
3805 17628
3539 13945
1027 13559
398 430
1117 11637
3551 15240
3303 6108
2473 168
119 19436
2229 13134
3310 15578
3282 16382
2102 18435
1516 4985
3423 10353
3678 8883
1835 13988
673 15699
2181 11516
3505 3222
767 16884
2561 2352
2825 2142
748 17545
652 13129
680 18066
2128 10445
604 16359
2239 608
1781 9425
1129 1524
1860 13034
1443 6824
2538 117
401 13394
698 18465
1443 179
767 17423
3014 15031
3702 18010
3582 11916
2506 10787
690 19018
3308 11146
1816 4580
3804 16566
1048 2624
1339 3990
2102 3765
3053 19169
191 13291
748 17019
688 19103
813 14497
2188 5611
3282 8384
3412 19605
1118 8726
2751 17128
3056 17108
661 6415
1056 7430
3533 11767
1295 17264
787 10432
1592 11116
1831 9174
588 17551
2102 85
3233 3005
2890 7874
3343 10632
3056 1243
3175 5544
973 9921
3049 16269
630 3422
3056 11878
166 2146
1606 8683
778 11542
1126 13955
3172 16995
3311 17855
740 831
1791 16798
1521 3629
1592 7027
1781 160
1514 14692
2440 7273
969 12296
3267 12155
3142 16203
398 9307
1476 2669
1592 2206
3114 10381
3146 8994
1057 4043
969 14358
3225 12036
579 2176
3472 7703
1781 3152
1519 9568
3730 3797
2102 8729
3582 1595
3163 14205
1492 11509
1579 421
569 423
3551 11132
1295 900
680 8104
682 5395
639 17219
655 5060
2929 11741
3015 8812
2521 3056
3163 11172
3472 19088
1339 170
3730 4983
527 8904
748 358
2288 6506
787 16964
877 5774
436 11117
3235 440
2181 12768
810 7908
3472 2073
2273 18373
3402 14599
1057 5323
1860 12880
2799 9016
3531 16141
3267 3937
3117 10256
3175 10755
1117 11195
1509 1282
3235 6694
3252 6774
1026 8880
1410 11844
3117 17831
3163 12843
3505 4986
1798 7410
883 12187
2057 19657
3337 16132
1509 12222
875 18757
3223 19426
1492 14146
676 14127
3142 10294
2615 15652
1860 13904
726 9774
3166 4092
810 4511
2561 8838
3117 8400
1123 18059
3266 9957
3311 15203
401 11173
877 10199
1086 1980
3061 7858
811 692
2188 11091
3539 4777
3114 18319
1148 17185
965 2602
2128 19847
3702 4745
778 10979
661 8606
2615 11572
2864 12304
1835 14624
33 4037
1057 8710
2885 17458
129 15930
843 19047
3702 5028
811 6335
704 3329
3135 1790
3137 8764
2929 12131
661 17996
3525 6146
3617 3349
2374 3665
690 18468
1831 7438
1158 1302
1148 462
2057 11542
1476 18748
3158 12615
619 8730
3225 17898
1618 14231
969 2302
401 3687
3423 3766
575 5142
2163 1882
2487 12541
782 4043
1781 7549
2508 586
3373 7975
3525 8765
1026 10676
554 756
3828 5904
1148 6608
2473 4002
3582 14897
3402 5405
2890 1438
2929 8828
1781 11377
3702 8406
1295 13973
1728 2591
2553 5041
2374 9676
2987 18223
1348 15696
1509 7400
3158 9065
3692 13582
2929 462
1772 12716
1579 8475
3146 17340
1798 19526
2440 3708
569 18703
1409 982
1133 17851
2890 6425
3244 14483
3561 8808
1816 11038
3757 16200
129 13669
630 4655
1807 9659
1521 9454
2987 8563
3223 14289
676 1900
1519 13075
1123 18835
3303 14556
782 4532
1717 6751
3412 14332
2609 18169
810 17310
2753 12273
1521 7104
33 6763
1807 8639
3525 5745
3310 298
817 6341
1048 6521
1801 13394
588 4303
698 9795
780 5785
2153 12650
3166 3677
3266 14381
3412 9331
3267 11865
2181 9868
2561 19961
3412 9596
3828 16228
3053 18285
767 5940
1048 9257
2753 3278
2468 5855
740 9769
3244 3196
843 3891
3412 10270
1476 658
3117 7603
1056 11592
735 11268
787 5280
1409 8323
721 249
3283 7492
2273 17782
1579 5473
1123 15959
1343 5336
3402 9587
639 9192
1348 2571
824 18762
778 19460
726 8177
1618 8582
3166 18216
682 3146
1123 6681
3276 551
3311 6269
883 3801
619 2690
527 6628
3539 5629
3804 7361
3816 4217
811 4855
1807 6666
1348 3766
875 12195
3828 9789
1118 1574
787 17842
588 12776
2374 873
3218 11675
3061 7429
398 11474
554 19059
166 3113
3223 6924
3337 17801
3447 18975
2163 12951
3015 6010
3452 8882
740 14212
968 10144
3235 6022
1772 12571
2825 1419
2825 16057
401 7293
3235 2495
2561 17597
3014 2496
3337 2610
1091 8008
965 699
3447 1987
3015 6769
2817 16458
810 14429
2741 5873
1606 19723
3307 15855
690 85
2288 4881
2410 15582
3158 1484
3525 6867
2957 19107
3533 989
767 17185
1129 10856
3310 2530
3757 3079
3224 877
1118 13754
3310 7881
3617 18515
3276 12196
877 15125
1343 11904
554 10908
3223 2745
2799 7930
2521 10695
3828 3651
2508 10118
3303 11899
2487 610
1860 12526
2609 9523
3142 5407
33 17356
579 1979
3805 11517
817 15613
579 3120
661 6963
133 6426
3252 2017
1816 17825
2741 12805
3014 11243
2864 16439
3692 977
3828 3363
3816 8502
817 413
2468 6487
2181 1222
3135 16106
3617 18092
1057 14651
1735 5333
690 13051
3402 231
721 18637
2860 4158
3423 7115
604 4982
3415 4896
817 6932
1717 14944
1027 524
401 3765
630 2267
1056 8782
1476 15793
3805 15039
872 8216
780 12154
2188 10108
3066 5394
2707 3079
3311 12917
2181 9565
2741 19189
3014 4081
3817 5815
824 14811
875 17675
3282 17158
3617 18231
726 13113
3056 14124
652 13838
824 13517
67 2976
3114 6108
963 5575
1835 6825
1129 7822
3166 2857
1086 17571
963 18901
2707 9872
166 8696
813 5398
2508 138
3582 5297
639 14914
2799 2645
3015 82
1126 7435
3678 13990
1509 15965
119 17907
2128 4194
3692 1093
787 10449
688 15858
3805 11745
569 8420
973 3275
1798 2607
1514 18380
2273 8996
747 10022
556 9259
883 8723
1027 7047
1082 4768
2755 7208
2987 12033
2102 7704
3276 10586
3415 12569
2817 15652
3373 9454
3423 11032
2288 16480
782 5113
1295 5635
813 16648
569 14939
698 5416
1816 12549
262 6435
682 9245
3053 3460
735 13040
1514 1639
3817 11938
1409 11416
3805 6133
604 11406
1519 1107
3225 5143
3531 3340
3533 17292
676 5006
740 18240
872 451
747 19695
1791 6917
67 1524
1791 2954
3505 7897
682 2267
3581 2056
2957 10182
3692 1753
973 3261
1343 11574
2538 17368
3804 6262
2506 12250
1835 17149
704 14476
3539 15403
